121 620 21.5 0.5 1.0
121.25 620 21.5 0.5 1.0
121.5 620 21.5 0.5 1.0
121.75 620 21.5 0.5 1.0
121 620.5 21.5 0.5 1.0
122 628 21.5 0.5 1.0
122.25 628 21.5 0.5 1.0
122.5 628 21.5 0.5 1.0
122.75 628 21.5 0.5 1.0
122 628.5 21.5 0.5 1.0
122 628 22.5 0.5 1.0
122.25 628 22.5 0.5 1.0
122.5 628 22.5 0.5 1.0
122.75 628 22.5 0.5 1.0
122 628.5 22.5 0.5 1.0
123 629 21.5 0.5 1.0
123.25 629 21.5 0.5 1.0
123.5 629 21.5 0.5 1.0
123.75 629 21.5 0.5 1.0
123 629.5 21.5 0.5 1.0
123 630 21.5 0.5 1.0
123.25 630 21.5 0.5 1.0
123.5 630 21.5 0.5 1.0
123.75 630 21.5 0.5 1.0
123 630.5 21.5 0.5 1.0
123 630 22.5 0.5 1.0
123.25 630 22.5 0.5 1.0
123.5 630 22.5 0.5 1.0
123.75 630 22.5 0.5 1.0
123 630.5 22.5 0.5 1.0
123 631 21.5 0.5 1.0
123.25 631 21.5 0.5 1.0
123.5 631 21.5 0.5 1.0
123.75 631 21.5 0.5 1.0
123 631.5 21.5 0.5 1.0
124 631 21.5 0.5 1.0
124.25 631 21.5 0.5 1.0
124.5 631 21.5 0.5 1.0
124.75 631 21.5 0.5 1.0
124 631.5 21.5 0.5 1.0
124 631 22.5 0.5 1.0
124.25 631 22.5 0.5 1.0
124.5 631 22.5 0.5 1.0
124.75 631 22.5 0.5 1.0
124 631.5 22.5 0.5 1.0
124 632 21.5 0.5 1.0
124.25 632 21.5 0.5 1.0
124.5 632 21.5 0.5 1.0
124.75 632 21.5 0.5 1.0
124 632.5 21.5 0.5 1.0
124 632 22.5 0.5 1.0
124.25 632 22.5 0.5 1.0
124.5 632 22.5 0.5 1.0
124.75 632 22.5 0.5 1.0
124 632.5 22.5 0.5 1.0
125 632 21.5 0.5 1.0
125.25 632 21.5 0.5 1.0
125.5 632 21.5 0.5 1.0
125.75 632 21.5 0.5 1.0
125 632.5 21.5 0.5 1.0
