121 620 21.5 0.5 1.0
121.25 620 21.5 0.5 1.0
121.5 620 21.5 0.5 1.0
121.75 620 21.5 0.5 1.0
121 620.5 21.5 0.5 1.0
122 628 21.5 0.5 1.0
122.25 628 21.5 0.5 1.0
122.5 628 21.5 0.5 1.0
122.75 628 21.5 0.5 1.0
122 628.5 21.5 0.5 1.0
122 628 22.5 0.5 1.0
122.25 628 22.5 0.5 1.0
122.5 628 22.5 0.5 1.0
122.75 628 22.5 0.5 1.0
122 628.5 22.5 0.5 1.0
123 614 21.5 0.5 1.0
123.25 614 21.5 0.5 1.0
123.5 614 21.5 0.5 1.0
123.75 614 21.5 0.5 1.0
123 614.5 21.5 0.5 1.0
123 614 22.5 0.5 1.0
123.25 614 22.5 0.5 1.0
123.5 614 22.5 0.5 1.0
123.75 614 22.5 0.5 1.0
123 614.5 22.5 0.5 1.0
123 629 21.5 0.5 1.0
123.25 629 21.5 0.5 1.0
123.5 629 21.5 0.5 1.0
123.75 629 21.5 0.5 1.0
123 629.5 21.5 0.5 1.0
123 630 21.5 0.5 1.0
123.25 630 21.5 0.5 1.0
123.5 630 21.5 0.5 1.0
123.75 630 21.5 0.5 1.0
123 630.5 21.5 0.5 1.0
123 630 22.5 0.5 1.0
123.25 630 22.5 0.5 1.0
123.5 630 22.5 0.5 1.0
123.75 630 22.5 0.5 1.0
123 630.5 22.5 0.5 1.0
123 631 21.5 0.5 1.0
123.25 631 21.5 0.5 1.0
123.5 631 21.5 0.5 1.0
123.75 631 21.5 0.5 1.0
123 631.5 21.5 0.5 1.0
124 613 21.5 0.5 1.0
124.25 613 21.5 0.5 1.0
124.5 613 21.5 0.5 1.0
124.75 613 21.5 0.5 1.0
124 613.5 21.5 0.5 1.0
124 631 21.5 0.5 1.0
124.25 631 21.5 0.5 1.0
124.5 631 21.5 0.5 1.0
124.75 631 21.5 0.5 1.0
124 631.5 21.5 0.5 1.0
124 631 22.5 0.5 1.0
124.25 631 22.5 0.5 1.0
124.5 631 22.5 0.5 1.0
124.75 631 22.5 0.5 1.0
124 631.5 22.5 0.5 1.0
124 632 21.5 0.5 1.0
124.25 632 21.5 0.5 1.0
124.5 632 21.5 0.5 1.0
124.75 632 21.5 0.5 1.0
124 632.5 21.5 0.5 1.0
124 632 22.5 0.5 1.0
124.25 632 22.5 0.5 1.0
124.5 632 22.5 0.5 1.0
124.75 632 22.5 0.5 1.0
124 632.5 22.5 0.5 1.0
124 633 21.5 0.5 1.0
124.25 633 21.5 0.5 1.0
124.5 633 21.5 0.5 1.0
124.75 633 21.5 0.5 1.0
124 633.5 21.5 0.5 1.0
124 633 22.5 0.5 1.0
124.25 633 22.5 0.5 1.0
124.5 633 22.5 0.5 1.0
124.75 633 22.5 0.5 1.0
124 633.5 22.5 0.5 1.0
124 634 21.5 0.5 1.0
124.25 634 21.5 0.5 1.0
124.5 634 21.5 0.5 1.0
124.75 634 21.5 0.5 1.0
124 634.5 21.5 0.5 1.0
124 635 21.5 0.5 1.0
124.25 635 21.5 0.5 1.0
124.5 635 21.5 0.5 1.0
124.75 635 21.5 0.5 1.0
124 635.5 21.5 0.5 1.0
124 636 21.5 0.5 1.0
124.25 636 21.5 0.5 1.0
124.5 636 21.5 0.5 1.0
124.75 636 21.5 0.5 1.0
124 636.5 21.5 0.5 1.0
125 608 21.5 0.5 1.0
125.25 608 21.5 0.5 1.0
125.5 608 21.5 0.5 1.0
125.75 608 21.5 0.5 1.0
125 608.5 21.5 0.5 1.0
125 609 21.5 0.5 1.0
125.25 609 21.5 0.5 1.0
125.5 609 21.5 0.5 1.0
125.75 609 21.5 0.5 1.0
125 609.5 21.5 0.5 1.0
125 610 21.5 0.5 1.0
125.25 610 21.5 0.5 1.0
125.5 610 21.5 0.5 1.0
125.75 610 21.5 0.5 1.0
125 610.5 21.5 0.5 1.0
125 610 22.5 0.5 1.0
125.25 610 22.5 0.5 1.0
125.5 610 22.5 0.5 1.0
125.75 610 22.5 0.5 1.0
125 610.5 22.5 0.5 1.0
125 632 21.5 0.5 1.0
125.25 632 21.5 0.5 1.0
125.5 632 21.5 0.5 1.0
125.75 632 21.5 0.5 1.0
125 632.5 21.5 0.5 1.0
125 633 21.5 0.5 1.0
125.25 633 21.5 0.5 1.0
125.5 633 21.5 0.5 1.0
125.75 633 21.5 0.5 1.0
125 633.5 21.5 0.5 1.0
125 633 22.5 0.5 1.0
125.25 633 22.5 0.5 1.0
125.5 633 22.5 0.5 1.0
125.75 633 22.5 0.5 1.0
125 633.5 22.5 0.5 1.0
125 634 21.5 0.5 1.0
125.25 634 21.5 0.5 1.0
125.5 634 21.5 0.5 1.0
125.75 634 21.5 0.5 1.0
125 634.5 21.5 0.5 1.0
125 634 22.5 0.5 1.0
125.25 634 22.5 0.5 1.0
125.5 634 22.5 0.5 1.0
125.75 634 22.5 0.5 1.0
125 634.5 22.5 0.5 1.0
125 635 21.5 0.5 1.0
125.25 635 21.5 0.5 1.0
125.5 635 21.5 0.5 1.0
125.75 635 21.5 0.5 1.0
125 635.5 21.5 0.5 1.0
125 635 22.5 0.5 1.0
125.25 635 22.5 0.5 1.0
125.5 635 22.5 0.5 1.0
125.75 635 22.5 0.5 1.0
125 635.5 22.5 0.5 1.0
125 636 21.5 0.5 1.0
125.25 636 21.5 0.5 1.0
125.5 636 21.5 0.5 1.0
125.75 636 21.5 0.5 1.0
125 636.5 21.5 0.5 1.0
125 636 22.5 0.5 1.0
125.25 636 22.5 0.5 1.0
125.5 636 22.5 0.5 1.0
125.75 636 22.5 0.5 1.0
125 636.5 22.5 0.5 1.0
125 637 21.5 0.5 1.0
125.25 637 21.5 0.5 1.0
125.5 637 21.5 0.5 1.0
125.75 637 21.5 0.5 1.0
125 637.5 21.5 0.5 1.0
125 637 22.5 0.5 1.0
125.25 637 22.5 0.5 1.0
125.5 637 22.5 0.5 1.0
125.75 637 22.5 0.5 1.0
125 637.5 22.5 0.5 1.0
125 638 21.5 0.5 1.0
125.25 638 21.5 0.5 1.0
125.5 638 21.5 0.5 1.0
125.75 638 21.5 0.5 1.0
125 638.5 21.5 0.5 1.0
125 638 22.5 0.5 1.0
125.25 638 22.5 0.5 1.0
125.5 638 22.5 0.5 1.0
125.75 638 22.5 0.5 1.0
125 638.5 22.5 0.5 1.0
125 639 21.5 0.5 1.0
125.25 639 21.5 0.5 1.0
125.5 639 21.5 0.5 1.0
125.75 639 21.5 0.5 1.0
125 639.5 21.5 0.5 1.0
125 640 21.5 0.5 1.0
125.25 640 21.5 0.5 1.0
125.5 640 21.5 0.5 1.0
125.75 640 21.5 0.5 1.0
125 640.5 21.5 0.5 1.0
125 641 21.5 0.5 1.0
125.25 641 21.5 0.5 1.0
125.5 641 21.5 0.5 1.0
125.75 641 21.5 0.5 1.0
125 641.5 21.5 0.5 1.0
125 642 21.5 0.5 1.0
125.25 642 21.5 0.5 1.0
125.5 642 21.5 0.5 1.0
125.75 642 21.5 0.5 1.0
125 642.5 21.5 0.5 1.0
125 643 21.5 0.5 1.0
125.25 643 21.5 0.5 1.0
125.5 643 21.5 0.5 1.0
125.75 643 21.5 0.5 1.0
125 643.5 21.5 0.5 1.0
125 644 21.5 0.5 1.0
125.25 644 21.5 0.5 1.0
125.5 644 21.5 0.5 1.0
125.75 644 21.5 0.5 1.0
125 644.5 21.5 0.5 1.0
125 645 21.5 0.5 1.0
125.25 645 21.5 0.5 1.0
125.5 645 21.5 0.5 1.0
125.75 645 21.5 0.5 1.0
125 645.5 21.5 0.5 1.0
125 646 21.5 0.5 1.0
125.25 646 21.5 0.5 1.0
125.5 646 21.5 0.5 1.0
125.75 646 21.5 0.5 1.0
125 646.5 21.5 0.5 1.0
125 647 21.5 0.5 1.0
125.25 647 21.5 0.5 1.0
125.5 647 21.5 0.5 1.0
125.75 647 21.5 0.5 1.0
125 647.5 21.5 0.5 1.0
126 634 21.5 0.5 1.0
126.25 634 21.5 0.5 1.0
126.5 634 21.5 0.5 1.0
126.75 634 21.5 0.5 1.0
126 634.5 21.5 0.5 1.0
126 634 22.5 0.5 1.0
126.25 634 22.5 0.5 1.0
126.5 634 22.5 0.5 1.0
126.75 634 22.5 0.5 1.0
126 634.5 22.5 0.5 1.0
126 635 21.5 0.5 1.0
126.25 635 21.5 0.5 1.0
126.5 635 21.5 0.5 1.0
126.75 635 21.5 0.5 1.0
126 635.5 21.5 0.5 1.0
126 635 22.5 0.5 1.0
126.25 635 22.5 0.5 1.0
126.5 635 22.5 0.5 1.0
126.75 635 22.5 0.5 1.0
126 635.5 22.5 0.5 1.0
126 636 21.5 0.5 1.0
126.25 636 21.5 0.5 1.0
126.5 636 21.5 0.5 1.0
126.75 636 21.5 0.5 1.0
126 636.5 21.5 0.5 1.0
126 636 22.5 0.5 1.0
126.25 636 22.5 0.5 1.0
126.5 636 22.5 0.5 1.0
126.75 636 22.5 0.5 1.0
126 636.5 22.5 0.5 1.0
126 637 21.5 0.5 1.0
126.25 637 21.5 0.5 1.0
126.5 637 21.5 0.5 1.0
126.75 637 21.5 0.5 1.0
126 637.5 21.5 0.5 1.0
126 637 22.5 0.5 1.0
126.25 637 22.5 0.5 1.0
126.5 637 22.5 0.5 1.0
126.75 637 22.5 0.5 1.0
126 637.5 22.5 0.5 1.0
126 638 21.5 0.5 1.0
126.25 638 21.5 0.5 1.0
126.5 638 21.5 0.5 1.0
126.75 638 21.5 0.5 1.0
126 638.5 21.5 0.5 1.0
126 638 22.5 0.5 1.0
126.25 638 22.5 0.5 1.0
126.5 638 22.5 0.5 1.0
126.75 638 22.5 0.5 1.0
126 638.5 22.5 0.5 1.0
126 639 21.5 0.5 1.0
126.25 639 21.5 0.5 1.0
126.5 639 21.5 0.5 1.0
126.75 639 21.5 0.5 1.0
126 639.5 21.5 0.5 1.0
126 639 22.5 0.5 1.0
126.25 639 22.5 0.5 1.0
126.5 639 22.5 0.5 1.0
126.75 639 22.5 0.5 1.0
126 639.5 22.5 0.5 1.0
126 640 21.5 0.5 1.0
126.25 640 21.5 0.5 1.0
126.5 640 21.5 0.5 1.0
126.75 640 21.5 0.5 1.0
126 640.5 21.5 0.5 1.0
126 640 22.5 0.5 1.0
126.25 640 22.5 0.5 1.0
126.5 640 22.5 0.5 1.0
126.75 640 22.5 0.5 1.0
126 640.5 22.5 0.5 1.0
126 641 21.5 0.5 1.0
126.25 641 21.5 0.5 1.0
126.5 641 21.5 0.5 1.0
126.75 641 21.5 0.5 1.0
126 641.5 21.5 0.5 1.0
126 641 22.5 0.5 1.0
126.25 641 22.5 0.5 1.0
126.5 641 22.5 0.5 1.0
126.75 641 22.5 0.5 1.0
126 641.5 22.5 0.5 1.0
126 642 21.5 0.5 1.0
126.25 642 21.5 0.5 1.0
126.5 642 21.5 0.5 1.0
126.75 642 21.5 0.5 1.0
126 642.5 21.5 0.5 1.0
126 642 22.5 0.5 1.0
126.25 642 22.5 0.5 1.0
126.5 642 22.5 0.5 1.0
126.75 642 22.5 0.5 1.0
126 642.5 22.5 0.5 1.0
126 643 21.5 0.5 1.0
126.25 643 21.5 0.5 1.0
126.5 643 21.5 0.5 1.0
126.75 643 21.5 0.5 1.0
126 643.5 21.5 0.5 1.0
126 644 21.5 0.5 1.0
126.25 644 21.5 0.5 1.0
126.5 644 21.5 0.5 1.0
126.75 644 21.5 0.5 1.0
126 644.5 21.5 0.5 1.0
126 645 21.5 0.5 1.0
126.25 645 21.5 0.5 1.0
126.5 645 21.5 0.5 1.0
126.75 645 21.5 0.5 1.0
126 645.5 21.5 0.5 1.0
126 646 21.5 0.5 1.0
126.25 646 21.5 0.5 1.0
126.5 646 21.5 0.5 1.0
126.75 646 21.5 0.5 1.0
126 646.5 21.5 0.5 1.0
126 646 22.5 0.5 1.0
126.25 646 22.5 0.5 1.0
126.5 646 22.5 0.5 1.0
126.75 646 22.5 0.5 1.0
126 646.5 22.5 0.5 1.0
127 635 21.5 0.5 1.0
127.25 635 21.5 0.5 1.0
127.5 635 21.5 0.5 1.0
127.75 635 21.5 0.5 1.0
127 635.5 21.5 0.5 1.0
127 636 21.5 0.5 1.0
127.25 636 21.5 0.5 1.0
127.5 636 21.5 0.5 1.0
127.75 636 21.5 0.5 1.0
127 636.5 21.5 0.5 1.0
127 636 22.5 0.5 1.0
127.25 636 22.5 0.5 1.0
127.5 636 22.5 0.5 1.0
127.75 636 22.5 0.5 1.0
127 636.5 22.5 0.5 1.0
127 637 21.5 0.5 1.0
127.25 637 21.5 0.5 1.0
127.5 637 21.5 0.5 1.0
127.75 637 21.5 0.5 1.0
127 637.5 21.5 0.5 1.0
127 640 21.5 0.5 1.0
127.25 640 21.5 0.5 1.0
127.5 640 21.5 0.5 1.0
127.75 640 21.5 0.5 1.0
127 640.5 21.5 0.5 1.0
127 641 21.5 0.5 1.0
127.25 641 21.5 0.5 1.0
127.5 641 21.5 0.5 1.0
127.75 641 21.5 0.5 1.0
127 641.5 21.5 0.5 1.0
127 642 21.5 0.5 1.0
127.25 642 21.5 0.5 1.0
127.5 642 21.5 0.5 1.0
127.75 642 21.5 0.5 1.0
127 642.5 21.5 0.5 1.0
127 644 21.5 0.5 1.0
127.25 644 21.5 0.5 1.0
127.5 644 21.5 0.5 1.0
127.75 644 21.5 0.5 1.0
127 644.5 21.5 0.5 1.0
127 644 22.5 0.5 1.0
127.25 644 22.5 0.5 1.0
127.5 644 22.5 0.5 1.0
127.75 644 22.5 0.5 1.0
127 644.5 22.5 0.5 1.0
127 645 21.5 0.5 1.0
127.25 645 21.5 0.5 1.0
127.5 645 21.5 0.5 1.0
127.75 645 21.5 0.5 1.0
127 645.5 21.5 0.5 1.0
127 645 22.5 0.5 1.0
127.25 645 22.5 0.5 1.0
127.5 645 22.5 0.5 1.0
127.75 645 22.5 0.5 1.0
127 645.5 22.5 0.5 1.0
