123 614 21.5 0.5 1.0
123.25 614 21.5 0.5 1.0
123.5 614 21.5 0.5 1.0
123.75 614 21.5 0.5 1.0
123 614.5 21.5 0.5 1.0
123 614 22.5 0.5 1.0
123.25 614 22.5 0.5 1.0
123.5 614 22.5 0.5 1.0
123.75 614 22.5 0.5 1.0
123 614.5 22.5 0.5 1.0
124 613 21.5 0.5 1.0
124.25 613 21.5 0.5 1.0
124.5 613 21.5 0.5 1.0
124.75 613 21.5 0.5 1.0
124 613.5 21.5 0.5 1.0
125 602 21.5 0.5 1.0
125.25 602 21.5 0.5 1.0
125.5 602 21.5 0.5 1.0
125.75 602 21.5 0.5 1.0
125 602.5 21.5 0.5 1.0
125 603 21.5 0.5 1.0
125.25 603 21.5 0.5 1.0
125.5 603 21.5 0.5 1.0
125.75 603 21.5 0.5 1.0
125 603.5 21.5 0.5 1.0
125 603 22.5 0.5 1.0
125.25 603 22.5 0.5 1.0
125.5 603 22.5 0.5 1.0
125.75 603 22.5 0.5 1.0
125 603.5 22.5 0.5 1.0
125 603 23.5 0.5 1.0
125.25 603 23.5 0.5 1.0
125.5 603 23.5 0.5 1.0
125.75 603 23.5 0.5 1.0
125 603.5 23.5 0.5 1.0
125 604 21.5 0.5 1.0
125.25 604 21.5 0.5 1.0
125.5 604 21.5 0.5 1.0
125.75 604 21.5 0.5 1.0
125 604.5 21.5 0.5 1.0
125 604 22.5 0.5 1.0
125.25 604 22.5 0.5 1.0
125.5 604 22.5 0.5 1.0
125.75 604 22.5 0.5 1.0
125 604.5 22.5 0.5 1.0
125 604 23.5 0.5 1.0
125.25 604 23.5 0.5 1.0
125.5 604 23.5 0.5 1.0
125.75 604 23.5 0.5 1.0
125 604.5 23.5 0.5 1.0
125 605 21.5 0.5 1.0
125.25 605 21.5 0.5 1.0
125.5 605 21.5 0.5 1.0
125.75 605 21.5 0.5 1.0
125 605.5 21.5 0.5 1.0
125 605 22.5 0.5 1.0
125.25 605 22.5 0.5 1.0
125.5 605 22.5 0.5 1.0
125.75 605 22.5 0.5 1.0
125 605.5 22.5 0.5 1.0
125 605 23.5 0.5 1.0
125.25 605 23.5 0.5 1.0
125.5 605 23.5 0.5 1.0
125.75 605 23.5 0.5 1.0
125 605.5 23.5 0.5 1.0
125 606 21.5 0.5 1.0
125.25 606 21.5 0.5 1.0
125.5 606 21.5 0.5 1.0
125.75 606 21.5 0.5 1.0
125 606.5 21.5 0.5 1.0
125 606 22.5 0.5 1.0
125.25 606 22.5 0.5 1.0
125.5 606 22.5 0.5 1.0
125.75 606 22.5 0.5 1.0
125 606.5 22.5 0.5 1.0
125 607 21.5 0.5 1.0
125.25 607 21.5 0.5 1.0
125.5 607 21.5 0.5 1.0
125.75 607 21.5 0.5 1.0
125 607.5 21.5 0.5 1.0
125 608 21.5 0.5 1.0
125.25 608 21.5 0.5 1.0
125.5 608 21.5 0.5 1.0
125.75 608 21.5 0.5 1.0
125 608.5 21.5 0.5 1.0
125 609 21.5 0.5 1.0
125.25 609 21.5 0.5 1.0
125.5 609 21.5 0.5 1.0
125.75 609 21.5 0.5 1.0
125 609.5 21.5 0.5 1.0
125 610 21.5 0.5 1.0
125.25 610 21.5 0.5 1.0
125.5 610 21.5 0.5 1.0
125.75 610 21.5 0.5 1.0
125 610.5 21.5 0.5 1.0
125 610 22.5 0.5 1.0
125.25 610 22.5 0.5 1.0
125.5 610 22.5 0.5 1.0
125.75 610 22.5 0.5 1.0
125 610.5 22.5 0.5 1.0
126 601 21.5 0.5 1.0
126.25 601 21.5 0.5 1.0
126.5 601 21.5 0.5 1.0
126.75 601 21.5 0.5 1.0
126 601.5 21.5 0.5 1.0
126 601 22.5 0.5 1.0
126.25 601 22.5 0.5 1.0
126.5 601 22.5 0.5 1.0
126.75 601 22.5 0.5 1.0
126 601.5 22.5 0.5 1.0
126 601 23.5 0.5 1.0
126.25 601 23.5 0.5 1.0
126.5 601 23.5 0.5 1.0
126.75 601 23.5 0.5 1.0
126 601.5 23.5 0.5 1.0
126 602 21.5 0.5 1.0
126.25 602 21.5 0.5 1.0
126.5 602 21.5 0.5 1.0
126.75 602 21.5 0.5 1.0
126 602.5 21.5 0.5 1.0
126 602 22.5 0.5 1.0
126.25 602 22.5 0.5 1.0
126.5 602 22.5 0.5 1.0
126.75 602 22.5 0.5 1.0
126 602.5 22.5 0.5 1.0
126 603 21.5 0.5 1.0
126.25 603 21.5 0.5 1.0
126.5 603 21.5 0.5 1.0
126.75 603 21.5 0.5 1.0
126 603.5 21.5 0.5 1.0
127 601 21.5 0.5 1.0
127.25 601 21.5 0.5 1.0
127.5 601 21.5 0.5 1.0
127.75 601 21.5 0.5 1.0
127 601.5 21.5 0.5 1.0
125 602 24.5 0.5 1.0
125.25 602 24.5 0.5 1.0
125.5 602 24.5 0.5 1.0
125.75 602 24.5 0.5 1.0
125 602.5 24.5 0.5 1.0
125 603 24.5 0.5 1.0
125.25 603 24.5 0.5 1.0
125.5 603 24.5 0.5 1.0
125.75 603 24.5 0.5 1.0
125 603.5 24.5 0.5 1.0
125 604 24.5 0.5 1.0
125.25 604 24.5 0.5 1.0
125.5 604 24.5 0.5 1.0
125.75 604 24.5 0.5 1.0
125 604.5 24.5 0.5 1.0
125 605 24.5 0.5 1.0
125.25 605 24.5 0.5 1.0
125.5 605 24.5 0.5 1.0
125.75 605 24.5 0.5 1.0
125 605.5 24.5 0.5 1.0
125 606 24.5 0.5 1.0
125.25 606 24.5 0.5 1.0
125.5 606 24.5 0.5 1.0
125.75 606 24.5 0.5 1.0
125 606.5 24.5 0.5 1.0
125 607 24.5 0.5 1.0
125.25 607 24.5 0.5 1.0
125.5 607 24.5 0.5 1.0
125.75 607 24.5 0.5 1.0
125 607.5 24.5 0.5 1.0
126 603 24.5 0.5 1.0
126.25 603 24.5 0.5 1.0
126.5 603 24.5 0.5 1.0
126.75 603 24.5 0.5 1.0
126 603.5 24.5 0.5 1.0
