1 133
2 133
2 132
3 132
4 132
5 132
6 132
7 132
8 132
8 133
9 133
10 133
10 134
11 134
11 135
11 136
11 137
12 137
12 138
13 138
13 139
13 140
13 141
13 142
13 143
12 143
12 144
12 145
11 145
11 146
11 147
11 148
11 149
11 150
11 151
11 152
11 153
10 153
10 154
10 155
10 156
10 157
10 158
10 159
10 160
10 161
10 162
10 163
11 163
11 164
11 165
11 166
11 167
11 168
11 169
11 170
11 171
10 171
10 172
9 172
9 173
9 174
9 175
10 175
10 176
10 177
11 177
11 178
11 179
11 180
11 181
11 182
11 183
11 184
11 185
10 185
10 186
10 187
11 187
12 187
12 188
13 188
14 188
15 188
16 188
17 188
17 189
17 190
17 191
18 191
18 192
19 192
20 192
21 192
21 193
21 194
22 194
23 194
24 194
24 193
25 193
26 193
26 192
26 191
27 191
27 190
27 189
27 188
28 188
28 187
29 187
29 186
29 185
29 184
28 184
28 183
27 183
27 182
27 181
28 181
28 180
28 179
28 178
28 177
28 176
28 175
28 174
28 173
29 173
30 173
30 172
30 171
31 171
31 170
31 169
32 169
32 168
32 167
33 167
33 166
34 166
35 166
35 165
36 165
36 164
37 164
37 163
38 163
39 163
39 162
40 162
41 162
41 161
42 161
43 161
44 161
45 161
45 160
46 160
47 160
48 160
48 159
49 159
50 159
50 158
51 158
52 158
52 157
53 157
54 157
54 156
55 156
56 156
56 155
57 155
58 155
58 154
59 154
60 154
61 154
62 154
63 154
64 154
64 153
65 153
66 153
67 153
68 153
68 152
69 152
70 152
71 152
71 151
72 151
73 151
74 151
75 151
76 151
77 151
78 151
79 151
80 151
80 150
81 150
82 150
82 149
83 149
84 149
85 149
86 149
87 149
88 149
89 149
89 148
90 148
90 147
91 147
92 147
93 147
94 147
95 147
96 147
97 147
97 148
97 149
98 149
98 150
99 150
100 150
101 150
102 150
103 150
104 150
105 150
106 150
107 150
107 149
108 149
108 148
109 148
110 148
110 147
111 147
112 147
113 147
114 147
114 148
115 148
116 148
117 148
118 148
119 148
120 148
121 148
122 148
123 148
124 148
124 149
125 149
126 149
126 148
126 147
127 147
128 147
128 146
129 146
130 146
130 145
131 145
132 145
132 144
133 144
134 144
135 144
135 143
136 143
137 143
138 143
138 142
139 142
139 141
140 141
141 141
142 141
143 141
143 140
144 140
144 139
145 139
145 138
146 138
146 137
147 137
147 136
148 136
148 135
149 135
149 134
150 134
150 133
151 133
151 132
152 132
152 131
152 130
153 130
153 129
154 129
154 128
155 128
156 128
157 128
157 127
158 127
158 126
159 126
160 126
160 125
161 125
161 124
162 124
163 124
163 123
163 122
164 122
165 122
165 121
165 120
166 120
167 120
167 119
167 118
168 118
169 118
169 117
170 117
171 117
172 117
173 117
174 117
174 116
174 115
175 115
175 114
176 114
176 113
176 112
177 112
177 111
178 111
178 110
178 109
179 109
179 108
179 107
180 107
180 106
180 105
181 105
181 104
182 104
182 103
183 103
183 102
184 102
184 101
185 101
186 101
187 101
187 100
188 100
189 100
189 99
189 98
190 98
190 97
191 97
191 96
192 96
192 95
192 94
193 94
194 94
194 93
195 93
195 92
196 92
196 91
197 91
197 90
198 90
199 90
200 90
201 90
201 89
202 89
202 88
203 88
204 88
205 88
206 88
206 87
207 87
207 86
208 86
208 85
209 85
209 84
210 84
210 83
210 82
210 81
211 81
211 80
211 79
212 79
212 78
212 77
213 77
213 76
213 75
214 75
214 74
215 74
215 73
216 73
217 73
218 73
219 73
219 72
220 72
220 71
220 70
221 70
221 69
222 69
222 68
223 68
224 68
224 67
225 67
225 66
225 65
226 65
226 64
227 64
228 64
228 63
229 63
230 63
230 62
230 61
231 61
231 60
232 60
232 59
232 58
233 58
233 57
233 56
234 56
235 56
236 56
237 56
238 56
238 55
238 54
239 54
240 54
241 54
241 53
242 53
242 52
242 51
243 51
243 50
244 50
244 49
245 49
245 48
246 48
247 48
247 47
248 47
249 47
250 47
250 48
251 48
251 49
252 49
253 49
254 49
254 48
255 48
256 48
256 49
257 49
257 50
257 51
257 52
258 52
259 52
259 53
260 53
260 54
260 55
259 55
259 56
259 57
259 58
259 59
259 60
259 61
260 61
260 62
261 62
261 63
262 63
262 64
263 64
264 64
264 65
265 65
265 66
265 67
266 67
267 67
267 68
268 68
268 69
269 69
269 70
270 70
270 71
270 72
271 72
272 72
273 72
274 72
274 71
275 71
276 71
276 70
277 70
278 70
279 70
279 69
280 69
281 69
282 69
282 68
283 68
284 68
284 67
285 67
285 66
286 66
286 65
287 65
288 65
288 64
289 64
289 63
290 63
290 62
291 62
292 62
292 61
293 61
293 60
293 59
294 59
295 59
296 59
297 59
297 58
298 58
299 58
300 58
300 57
301 57
302 57
303 57
304 57
305 57
306 57
307 57
307 56
308 56
309 56
309 55
309 54
310 54
311 54
312 54
312 53
313 53
313 52
314 52
314 51
315 51
316 51
317 51
317 50
318 50
318 49
319 49
319 48
320 48
320 47
321 47
322 47
323 47
324 47
324 48
325 48
326 48
327 48
328 48
328 47
329 47
329 46
330 46
330 45
331 45
332 45
333 45
333 44
334 44
334 43
335 43
336 43
336 42
337 42
338 42
339 42
340 42
340 41
341 41
342 41
343 41
344 41
345 41
346 41
346 40
346 39
347 39
347 38
348 38
349 38
349 37
350 37
350 36
351 36
351 35
352 35
352 34
353 34
354 34
354 33
354 32
355 32
356 32
357 32
357 31
358 31
358 30
359 30
360 30
361 30
361 29
362 29
362 28
363 28
364 28
364 27
365 27
366 27
367 27
368 27
369 27
369 26
370 26
371 26
372 26
373 26
374 26
375 26
376 26
377 26
378 26
379 26
380 26
380 25
381 25
381 24
382 24
382 23
383 23
383 22
384 22
384 21
385 21
385 20
386 20
386 19
386 18
387 18
388 18
388 17
389 17
389 16
390 16
391 16
391 15
391 14
392 14
393 14
393 13
394 13
395 13
395 12
396 12
396 11
397 11
397 10
398 10
399 10
400 10
401 10
402 10
403 10
404 10
405 10
405 11
406 11
407 11
407 12
408 12
409 12
410 12
410 11
411 11
412 11
412 12
413 12
414 12
414 11
415 11
416 11
416 12
417 12
418 12
419 12
420 12
421 12
422 12
423 12
424 12
424 11
425 11
426 11
427 11
428 11
428 10
429 10
430 10
430 9
431 9
432 9
433 9
434 9
434 8
435 8
435 7
436 7
436 6
436 5
437 5
438 5
439 5
439 6
440 6
441 6
441 7
442 7
443 7
443 8
444 8
444 9
445 9
446 9
447 9
448 9
449 9
449 10
450 10
451 10
452 10
452 11
453 11
453 12
454 12
455 12
456 12
456 13
457 13
458 13
459 13
460 13
460 14
461 14
462 14
463 14
463 15
464 15
464 16
465 16
466 16
467 16
468 16
469 16
469 17
470 17
471 17
472 17
473 17
474 17
475 17
476 17
477 17
478 17
479 17
480 17
480 18
481 18
481 19
481 20
482 20
483 20
484 20
485 20
486 20
486 19
487 19
487 18
487 17
488 17
488 16
488 15
488 14
489 14
489 13
489 12
490 12
490 11
491 11
492 11
492 10
493 10
493 9
494 9
494 8
494 7
495 7
496 7
496 6
497 6
498 6
498 5
499 5
500 5
500 4
501 4
502 4
503 4
503 3
503 2
503 1
504 1